# Matrix X
1.000000 0.500000 0.250000 0.125000 
1.000000 0.200000 0.040000 0.008000 
1.000000 1.200000 1.440000 1.728000 
1.000000 2.900000 8.410000 24.389000 
1.000000 3.400000 11.560000 39.304000 
1.000000 2.400000 5.760000 13.824000 
1.000000 4.400000 19.360000 85.184000 
1.000000 4.500000 20.250000 91.125000 
1.000000 4.900000 24.010000 117.649000 
1.000000 3.300000 10.890000 35.937000 

# Matrix X^T X
10.000000 27.700000 101.970000 409.273000 
27.700000 101.970000 409.273000 1719.621300 
101.970000 409.273000 1719.621300 7452.161770 
409.273000 1719.621300 7452.161770 33026.567037 

# Vector X^T y
64.200000
202.910000
773.963000
3156.550700

# Matrix L (Cholesky factor of X^T X)
3.162278 0.0 0.0 0.0 
8.759509 5.024042 0.0 0.0 
32.245745 25.241846 6.533178 0.0 
129.423486 116.626228 51.268111 6.784688 
